5.952300000000000368e-01
5.903100000000000014e-01
5.852500000000000480e-01
5.805099999999999705e-01
5.758299999999999530e-01
5.712699999999999445e-01
5.665499999999999980e-01
5.621800000000000130e-01
5.578800000000000425e-01
5.537100000000000355e-01
5.493700000000000250e-01
5.453999999999999959e-01
5.415299999999999558e-01
5.377899999999999903e-01
5.338600000000000012e-01
5.303400000000000336e-01
5.269200000000000550e-01
5.236399999999999944e-01
5.201700000000000212e-01
5.171299999999999786e-01
5.142099999999999449e-01
5.114199999999999857e-01
5.084499999999999575e-01
5.059200000000000363e-01
5.035300000000000331e-01
5.012600000000000389e-01
4.988199999999999856e-01
4.968400000000000039e-01
4.949999999999999956e-01
4.932699999999999863e-01
4.914100000000000135e-01
4.899999999999999911e-01
4.887099999999999778e-01
4.875099999999999989e-01
4.862799999999999900e-01
4.854399999999999826e-01
4.846799999999999997e-01
4.840200000000000058e-01
4.834700000000000109e-01
4.832199999999999829e-01
4.829600000000000004e-01
4.829399999999999804e-01
4.830699999999999994e-01
4.833500000000000019e-01
4.838199999999999723e-01
4.843899999999999872e-01
4.850300000000000167e-01
4.860200000000000076e-01
4.870099999999999985e-01
4.880900000000000238e-01
4.892900000000000027e-01
4.909000000000000030e-01
4.924299999999999788e-01
4.940599999999999992e-01
4.958299999999999930e-01
4.980200000000000182e-01
5.000700000000000145e-01
5.022299999999999542e-01
5.045399999999999885e-01
5.072499999999999787e-01
5.097899999999999654e-01
5.124600000000000266e-01
5.152900000000000258e-01
5.184800000000000519e-01
5.214999999999999636e-01
5.246499999999999497e-01
5.279500000000000304e-01
5.315800000000000525e-01
5.350500000000000256e-01
5.386400000000000077e-01
5.423799999999999732e-01
5.463999999999999968e-01
5.502799999999999914e-01
5.542899999999999494e-01
5.584200000000000275e-01
5.628100000000000325e-01
5.670600000000000085e-01
5.714399999999999480e-01
5.759300000000000530e-01
5.806499999999999995e-01
5.852399999999999824e-01
5.899600000000000399e-01
5.947599999999999554e-01
5.997799999999999798e-01
6.046799999999999953e-01
6.096899999999999542e-01
6.147799999999999931e-01
6.200700000000000101e-01
6.252499999999999725e-01
6.305300000000000349e-01
6.358700000000000463e-01
6.413999999999999702e-01
6.468300000000000161e-01
6.523400000000000309e-01
6.579099999999999948e-01
6.636600000000000277e-01
6.693000000000000060e-01
6.750300000000000189e-01
6.807999999999999607e-01
6.867400000000000171e-01
6.925799999999999734e-01
6.984900000000000553e-01
7.044399999999999551e-01
7.105500000000000149e-01
7.165700000000000403e-01
7.226399999999999491e-01
7.287500000000000089e-01
7.350100000000000522e-01
7.411799999999999500e-01
7.474100000000000188e-01
7.536500000000000421e-01
7.600599999999999579e-01
7.663600000000000412e-01
7.727199999999999624e-01
7.790799999999999947e-01
7.856100000000000305e-01
7.920300000000000118e-01
7.985100000000000531e-01
8.049800000000000288e-01
8.116200000000000081e-01
8.181500000000000439e-01
8.247200000000000086e-01
8.312899999999999734e-01
8.380300000000000527e-01
8.446599999999999664e-01
8.513199999999999656e-01
8.579799999999999649e-01
8.648000000000000131e-01
8.715199999999999614e-01
8.782600000000000406e-01
8.849900000000000544e-01
8.918899999999999606e-01
8.986800000000000344e-01
9.054999999999999716e-01
9.122999999999999998e-01
9.192700000000000315e-01
9.261300000000000088e-01
9.330100000000000060e-01
9.398600000000000287e-01
9.468999999999999639e-01
9.538200000000000012e-01
9.607499999999999929e-01
9.676599999999999646e-01
9.747599999999999598e-01
9.817299999999999915e-01
9.887099999999999778e-01
9.956700000000000550e-01
1.002799999999999914e+00
1.009800000000000031e+00
1.016899999999999915e+00
1.023900000000000032e+00
1.031099999999999905e+00
1.038100000000000023e+00
1.045199999999999907e+00
1.052200000000000024e+00
1.059500000000000108e+00
1.066599999999999993e+00
1.073700000000000099e+00
1.080699999999999994e+00
1.088000000000000078e+00
1.095099999999999962e+00
1.102300000000000058e+00
1.109399999999999942e+00
1.116700000000000026e+00
1.123899999999999899e+00
1.131000000000000005e+00
1.138200000000000101e+00
1.145499999999999963e+00
1.152700000000000058e+00
1.159899999999999931e+00
1.167000000000000037e+00
1.174400000000000110e+00
1.181599999999999984e+00
1.188800000000000079e+00
1.195999999999999952e+00
1.203400000000000025e+00
1.210599999999999898e+00
1.217899999999999983e+00
1.225100000000000078e+00
1.232499999999999929e+00
1.239800000000000013e+00
1.247000000000000108e+00
1.254299999999999971e+00
1.261700000000000044e+00
1.268999999999999906e+00
1.276299999999999990e+00
1.283500000000000085e+00
1.290999999999999925e+00
1.298300000000000010e+00
1.305600000000000094e+00
1.312899999999999956e+00
1.320400000000000018e+00
1.327700000000000102e+00
1.335099999999999953e+00
1.342400000000000038e+00
1.349900000000000100e+00
1.357299999999999951e+00
1.364700000000000024e+00
1.372000000000000108e+00
1.379599999999999937e+00
1.387000000000000011e+00
