6.6447e-09
5.576e-09
6.4203e-09
-4.6695e-09
4.004e-09
4.1205e-09
-2.6077e-09
-6.528e-11
-7.8686e-09
-1.1707e-08
-7.7481e-09
-8.3466e-09
-1.3127e-09
7.4477e-09
4.496e-09
8.0638e-09
1.0511e-08
3.4378e-09
-4.8091e-09
7.1001e-09
-8.3793e-09
-8.5949e-10
-9.2551e-09
-3.5151e-09
8.7852e-09
9.3282e-09
1.2088e-08
1.8328e-09
8.1333e-09
4.2126e-08
1.7475e-08
1.988e-09
-1.1704e-08
-1.2088e-08
-1.7146e-08
-1.7651e-08
-9.8178e-09
-1.0095e-08
-7.935e-09
1.4314e-08
1.2026e-08
4.4133e-09
-4.9659e-10
9.0567e-09
7.7034e-10
3.3572e-09
1.3857e-09
4.5548e-09
6.5323e-09
5.0871e-09
3.921e-09
-5.157e-09
-6.2892e-09
-9.5034e-09
-5.5326e-09
-3.2583e-09
-7.0663e-09
8.6497e-10
2.6402e-09
3.2694e-10
4.0115e-09
-1.3418e-08
5.9084e-09
3.3251e-09
2.9256e-09
5.3209e-09
6.7803e-09
1.0124e-08
6.6489e-09
-2.2054e-09
-6.8802e-09
-4.6782e-09
-7.529e-09
2.4694e-09
8.7128e-09
1.4208e-09
3.2149e-09
-7.1021e-09
2.3996e-10
1.5897e-09
-1.4113e-08
9.327e-10
7.2439e-09
-5.6541e-09
-4.3639e-09
3.9709e-09
2.3754e-09
2.5446e-09
-2.3368e-08
1.3408e-08
-7.0589e-09
-4.7988e-08
-1.8613e-07
-6.9993e-07
-2.3513e-06
-7.5484e-06
-2.2961e-05
-6.6292e-05
-0.00018142
-0.00047043
-0.0011549
-0.0026826
-0.0058914
-0.012221
-0.023918
-0.044101
-0.076463
-0.12436
-0.18909
-0.26752
-0.34967
-0.41749
-0.44626
-0.40958
-0.28781
-0.077582
0.20127
0.50527
0.77557
0.95324
0.99704
0.89651
0.67547
0.38423
0.0838
-0.17158
-0.34741
-0.43363
-0.44118
-0.39356
-0.31733
-0.23496
-0.16125
-0.10318
-0.061818
-0.034779
-0.018414
-0.0091908
-0.0043301
-0.0019277
-0.00081166
-0.00032344
-0.00012207
-4.364e-05
-1.4797e-05
-4.7581e-06
-1.455e-06
-4.2643e-07
-1.0547e-07
-2.5977e-08
-3.4303e-09
2.3426e-08
1.5561e-08
3.8879e-09
1.0623e-09
3.6825e-09
-5.8214e-09
-1.0274e-08
-1.444e-08
-2.457e-08
-6.4702e-09
-1.2846e-08
-4.1744e-09
-1.412e-08
7.6613e-09
7.9984e-09
9.3634e-09
1.1227e-08
3.964e-09
7.6918e-09
7.1159e-09
4.6172e-09
-1.424e-09
1.799e-08
2.7432e-09
-6.2503e-10
-3.5084e-09
-2.0228e-09
6.1001e-09
-8.6782e-09
-1.5456e-08
-1.7421e-08
2.0934e-09
-8.2164e-09
-5.6569e-09
-9.1397e-09
-4.9576e-09
-8.2136e-09
-1.2255e-09
7.587e-09
1.8051e-09
9.2137e-09
3.99e-09
1.3647e-08
7.5483e-09
7.8871e-09
7.9569e-09
1.2755e-08
9.1292e-09
1.0716e-08
1.4333e-08
